   933.961190000000        2574.70000000000
   1161.40800000000        2486.04000000000
   1178.58333333333        2450.99000000000
   1194.16200000000        2416.58000000000
   1208.47466666667        2382.74000000000
   1221.76400000000        2349.44000000000
   1234.17533333333        2316.63000000000
   1245.83000000000        2284.28000000000
   1256.82666666667        2252.38000000000
   1267.23933333333        2220.90000000000
   1278.72400000000        2189.84000000000
   1370.80314814815        2149.16000000000
   2532.12438840979        2068.16000000000
